1.503226929344236851e-03
6.942599266767501831e-02
1.162677928805351257e-01
3.912099078297615051e-02
-6.694243103265762329e-02
-7.809536904096603394e-02
9.291394613683223724e-03
-8.310300111770629883e-02
1.296847611665725708e-01
-1.148059666156768799e-01
3.064643740653991699e-01
-3.176842257380485535e-02
-2.320661693811416626e-01
-3.046236559748649597e-02
-2.194337360560894012e-02
1.416043043136596680e-01
-8.986003696918487549e-02
-7.061773538589477539e-02
-1.897211521863937378e-01
-4.260276257991790771e-02
-3.931604791432619095e-03
-5.818260833621025085e-04
9.811015427112579346e-02
-6.256696768105030060e-03
-1.558303385972976685e-01
-3.727839887142181396e-01
-1.013323813676834106e-01
-1.700773090124130249e-02
1.264093369245529175e-01
-9.994656592607498169e-02
1.419627014547586441e-02
5.920915305614471436e-02
-1.481490731239318848e-01
-9.285490959882736206e-02
-3.072325140237808228e-03
9.055989235639572144e-02
-1.447896957397460938e-01
-1.093407124280929565e-01
2.741011679172515869e-01
5.843550711870193481e-02
-1.790348440408706665e-01
9.785453975200653076e-02
5.424388870596885681e-02
2.894626259803771973e-01
1.820718795061111450e-01
6.767059862613677979e-02
1.185722053050994873e-01
-7.684755325317382812e-02
4.019043967127799988e-02
-2.618392705917358398e-01
4.812131822109222412e-02
1.157259717583656311e-01
1.134935170412063599e-01
1.257104277610778809e-01
1.046471744775772095e-01
-1.832130253314971924e-01
4.932619631290435791e-02
2.195487022399902344e-01
-1.829780787229537964e-01
1.237583085894584656e-01
7.977334409952163696e-02
-2.581381797790527344e-02
3.634921088814735413e-02
-2.165224635973572731e-03
2.417349368333816528e-01
6.929267197847366333e-02
-1.195352822542190552e-01
-5.885283648967742920e-02
1.217037886381149292e-01
-1.668719202280044556e-01
-2.403596416115760803e-02
7.206846028566360474e-02
-8.539387583732604980e-02
-1.744829565286636353e-01
-2.789349555969238281e-01
2.100423164665699005e-02
3.397529423236846924e-01
1.618696153163909912e-01
-1.397790461778640747e-01
1.078380271792411804e-03
-6.993169337511062622e-02
-1.540218200534582138e-02
3.394572809338569641e-02
2.641902491450309753e-02
-1.181958168745040894e-01
-4.791250824928283691e-02
-1.257961392402648926e-01
-2.032980509102344513e-02
1.971846073865890503e-01
3.752460703253746033e-02
-1.921848766505718231e-02
2.599752247333526611e-01
2.654451131820678711e-02
-1.713619008660316467e-02
2.388990856707096100e-02
-2.375103533267974854e-02
-2.092850208282470703e-01
-2.852593921124935150e-02
-1.132871881127357483e-01
-6.890493631362915039e-02
4.261610656976699829e-02
-1.439136713743209839e-01
2.369984053075313568e-02
4.122241586446762085e-02
-2.242358922958374023e-01
2.204994112253189087e-01
-5.911503732204437256e-02
2.395861968398094177e-02
8.037919551134109497e-02
4.230777546763420105e-02
-1.330772638320922852e-01
2.563276886940002441e-02
2.006633281707763672e-01
-2.734016478061676025e-01
2.234336584806442261e-01
2.340874969959259033e-01
6.235968321561813354e-02
1.101220771670341492e-01
2.023825049400329590e-01
5.629427358508110046e-02
-3.216419741511344910e-02
4.692183807492256165e-02
-1.510197073221206665e-01
-6.593360751867294312e-02
-2.017671056091785431e-02
-9.537631273269653320e-02
1.288976669311523438e-01
5.779441446065902710e-02
