-1.436907351016998291e-01
2.180312126874923706e-01
5.600569769740104675e-02
2.394584193825721741e-02
-1.012866422533988953e-01
8.555250242352485657e-03
-4.370250552892684937e-02
-8.701281994581222534e-02
1.911182105541229248e-01
-4.241248220205307007e-02
2.305676341056823730e-01
-9.289616346359252930e-02
-2.340190410614013672e-01
-7.033330202102661133e-02
9.871087968349456787e-05
1.498340815305709839e-01
-1.801734566688537598e-01
-1.667794026434421539e-02
-9.943416714668273926e-02
-1.234514340758323669e-01
1.313372701406478882e-01
1.390739530324935913e-01
-3.557442501187324524e-02
7.207874953746795654e-02
-2.091635614633560181e-01
-2.293402254581451416e-01
1.956265419721603394e-02
-1.095008850097656250e-01
3.313621878623962402e-02
-1.759173423051834106e-01
7.651710417121648788e-03
1.142184138298034668e-01
-1.146913170814514160e-01
-1.020105555653572083e-02
-1.991600729525089264e-03
8.388944715261459351e-02
-7.160529494285583496e-02
-4.364743083715438843e-02
1.141215115785598755e-01
5.786116234958171844e-03
-1.359694004058837891e-01
-1.891147531569004059e-02
4.977416247129440308e-02
2.034950107336044312e-01
1.774240434169769287e-01
-9.936849586665630341e-03
-4.073694720864295959e-02
-1.010450869798660278e-01
2.050485014915466309e-01
-2.087595909833908081e-01
-4.944415390491485596e-02
1.590491384267807007e-01
1.431054919958114624e-01
1.624424308538436890e-01
1.217015087604522705e-01
-1.882751733064651489e-01
2.604078873991966248e-02
1.380455642938613892e-01
-2.215763181447982788e-01
4.646934941411018372e-02
2.684575319290161133e-02
-1.274718493223190308e-01
2.501355484127998352e-04
-1.736882887780666351e-02
1.287206560373306274e-01
1.246630772948265076e-01
-6.009656563401222229e-02
-1.151936203241348267e-01
6.441290676593780518e-02
-1.435720026493072510e-01
-1.209002509713172913e-01
1.402106434106826782e-01
-4.643823951482772827e-02
-1.989302635192871094e-01
-2.594491541385650635e-01
2.268337085843086243e-02
2.860784232616424561e-01
1.263386011123657227e-01
-2.035680264234542847e-01
-9.542807936668395996e-03
6.132479757070541382e-02
-5.974306538701057434e-02
8.038938790559768677e-02
8.381482213735580444e-02
-1.377558410167694092e-01
-6.862308830022811890e-02
-4.265471175312995911e-02
1.600895822048187256e-02
1.750277876853942871e-01
-1.684664934873580933e-02
2.635116130113601685e-02
3.000891208648681641e-01
2.568791620433330536e-02
3.371781110763549805e-02
-1.948355231434106827e-03
-6.272146850824356079e-02
-1.036713123321533203e-01
2.756692841649055481e-02
1.522647216916084290e-02
-2.963923662900924683e-02
4.570607841014862061e-02
-1.479368358850479126e-01
1.136293355375528336e-02
1.538061536848545074e-03
-1.815294921398162842e-01
1.779570430517196655e-01
2.567356079816818237e-02
5.212767049670219421e-02
-3.879835456609725952e-02
-3.474647179245948792e-02
-1.006957292556762695e-01
1.024475619196891785e-01
1.938196271657943726e-01
-2.639475762844085693e-01
2.731287181377410889e-01
9.685381501913070679e-02
1.789971720427274704e-04
1.648022234439849854e-01
5.431142449378967285e-02
9.129464626312255859e-02
-6.621561013162136078e-03
-2.716477587819099426e-02
-4.134571552276611328e-02
-5.434237048029899597e-02
1.449104696512222290e-01
-1.080271154642105103e-01
2.791003324091434479e-03
-2.995716780424118042e-02
